Asset IMEI SIM
0001 355213041590803 8901260581065121720
0002 355213041599366 8901260461485332571
0003 355213041601113 8901260461485333009
0004 355213041594375 8901260461487677742
0005 355213041599960 8901260461485332985
006 355213041602061 8901260461485341713
0007 355213041590993 8901260461487677619
0008 355213041593880 8901260461487667214
0009 355213041600271 8901260461485333439
0010 355213041593765 8901260461487677957
0011 355213041593963 8901260461487677874
0012 355213041593211 8901260461487677965
0013 355213041593419 8901260461487667271
0014 355213041594193 8901260461487677858
0015 355213041594144 8901260461487677882
0016 355213041599424 8901260461485338255
0017 355213041594433 8901260461487677734
0018 355213041601683 8901260461485338404
0019 355213041593831 8901260461487667024
0020 355213041593625 8901260461487667040
0021 355213041604828 8901260461485339360
0022 355213041594581 8901260461487677635
0023 355213041593708 8901260461487667032
0024 355213041594656 8901260461487677601
0025 355213041594623 8901260461487677585
0026 355213041594201 8901260461487677866
0027 355213041598681 8901260461485335855
0028 355213041594631 8901260461487677593
0029 355213041605387 8901260461485297865
0030 355213041601055 8901260461485338222
0031 355213041605627 8901260461485297717
0032 355213041593609 8901260461487677973
0033 355213041604877 8901260461485339394
0034 355213041601949 8901260461485341721
0035 355213041599903 8901260461485338354
0036 355213041593401 8901260461487667255
0037 355213041603044 8901260461485341945
0038 355213041598715 8901260461485332795
0039 355213041599879 8901260461485333298
0040 355213041602566 8901260461485341762
0041 355213041602921 8901260461485342505
0042 355213041592619 8901260461487833337
0043 355213041592940 8901260461487833162
0044 355213041595281 8901260461487832537
0045 355213041594466 8901260461487677627
0046 355213041595190 8901260461487833360
0047 355213041594557 8901260461487677668
0048 355213041595158 8901260461487833378
0049 355213041594391 8901260461487677684
0050 355213041595307 8901260461487832529
0051 355213041595257 8901260461487832545
0052 355213041595265 8901260461487832511
0053 355213041595323 8901260461487833097
0054 355213041605734 8901260461485297675
0055 355213041595612 8901260461487833295
0056 355213041595232 8901260461487833139
0057 355213041605130 8901260461485339493
0058 355213041595414 8901260461487833238
0059 355213041595430 8901260461487833220
0060 355213041605601 8901260461485297816
0061 355213041595349 8901260461487832560
0062 355213041595174 8901260461487833154
0063 355213041605338 8901260461485297915
0064 355213041595471 8901260461487833196
0065 355213041594417 8901260461487677692
0066 355213041594532 8901260461487677676
0067 355213041594441 8901260461487832552
0068 355213041605635 8901260461485297758
0069 355213041595455 8901260461487833212
0070 355213041595216 8901260461487833147
0071 355213041595364 8901260461487833253
0072 355213041592734 8901260461487833345
0073 355213041599564 8901260461485338321
0074 355213041592049 8901260461487678401
0075 355213041601618 8901260461485341523
0076 355213041591801 8901260461487679029
0077 355213041601485 8901260461485338230
0078 355213041595554 8901260461487833352
0079 355213041601410 8901260461485338206
0080 355213041595596 8901260461487833329
0081 355213041601758 8901260461485338370
0082 355213041605460 8901260461485297741
0083 355213041604802 8901260461485339352
0084 355213041606591 8901260461485308324
0085 355213041606237 8901260461485308308
0086 355213041604984 8901260461485297907
0087 355213041599473 8901260461485332605
0088 355213041600230 8901260461485333496
0089 355213041603283 8901260461485338537
0090 355213041606435 8901260461485308274
0091 355213041603721 8901260461485338925
0092 355213041598244 8901260461485335913
0093 355213041604372 8901260461485339311
0094 355213041602285 8901260461485341838
0095 355213041603788 8901260461485338941
0096 355213041604786 8901260461485339378
0097 355213041605262 8901260461485297923
0098 355213041596370 8901260461485334965
0099 355213041597337 8901260461485338834
0100 355213041599531 8901260461485332589
0101 355213041599655 8901260461485338842
0102 355213041601535 8901260461485338214
0103 355213041601964 8901260461485341911
0104 355213041602517 8901260461485341788
0105 355213041602681 8901260461485341861
0106 355213041602863 8901260461485341895
0107 355213041603143 8901260461485338750
0108 355213041603259 8901260461485338677
0109 355213041603408 8901260461485341937
0110 355213041603630 8901260461485338883
0111 355213041603697 8901260461485338909
0112 355213041603929 8901260461485339055
0113 355213041603960 8901260461485339022
0114 355213041603986 8901260461485338982
0115 355213041604034 8901260461485339105
0116 355213041604398 8901260461485339246
0117 355213041604760 8901260461485339410
0118 355213041604968 8901260461485339469
0119 355213041605007 8901260461485339501
0120 355213041606286 8901260461485308449
0121 355213041606401 8901260461485308332
0122 355213041591348 8901260461487679359
0123 355213041594805 8901260461487678005
0124 355213041590829 8901260461487680654
0125 355213041605551 8901260461485297790
0126 355213041591355 8901260461487679342
0127 355213041590720 8901260461487680738
0128 355213041590951 8901260461487680571
0129 355213041605353 8901260461485297782
0130 355213041591561 8901260461487679177
0131 355213041605585 8901260461485297824
0132 355213041605775 8901260461485297667
0133 355213041594508 8901260461487677700
0134 355213041590712 8901260461487680746
0135 355213041593104 8901260461487667438
0136 355213041605536 8901260461485297766
0137 355213041606302 8901260461485308399
0138 355213041606195 8901260461485297535
0139 355213041591256 8901260461487679144
0140 355213041599697 8901260461485339477
0141 355213041594771 8901260461487677510
0142 355213041605874 8901260461485297550
0143 355213041591579 8901260461487679128
0144 355213041590282 8901260461487679474
0145 355213041591827 8901260461487678500
0146 355213041605791 8901260461485297642
0147 355213041591199 8901260461487679326
0148 355213041594847 8901260461487677981
0149 355213041591587 8901260461487679151
0150 355213041590670 8901260461487680803
0151 355213041594821 8901260461487677999
0152 355213041593260 8901260461487667354
0153 355213041590936 8901260461487680597
0154 355213041590787 8901260461487680670
0155 355213041590977 8901260461487680589
0156 355213041593245 8901260461487667396
0157 355213041593088 8901260461487667420
0158 355213041591629 8901260461487679136
0159 355213041590795 8901260461487680662
0160 355213041591363 8901260461487679334
0161 355213041594250 8901260461487677825
0162 355213041594045 8901260461487677528
0163 355213041591264 8901260461487679409
0164 355213041592718 8901260461487678104
0165 355213041592874 8901260461487678021
0166 355213041594573 8901260461487677569
0167 355213041594060 8901260461487833444
0168 355213041595018 8901260461487833477
0169 355213041593005 8901260461487667479
0170 355213041592783 8901260461487678070
0171 355213041594235 8901260461487677841
0172 355213041591140 8901260461487679193
0173 355213041592544 8901260461487678138
0174 355213041592999 8901260461487667503
0175 355213041592064 8901260461487678385
0176 355213041593187 8901260461487667370
0177 355213041592767 8901260461487678088
0178 355213041594300 8901260461487677817
0179 355213041594714 8901260461487677551
0180 355213041592338 8901260461487678278
0181 355213041590290 8901260461487679425
0182 355213041592973 8901260461487667487
0183 355213041592437 8901260461487678237
0184 355213041595059 8901260461487833402
0185 355213041592916 8901260461487667495
0186 355213041591330 8901260461487679375
0187 355213041593062 8901260461487667446
0188 355213041594276 8901260461487677833
0189 355213041593914 8901260461487667016
0190 355213041591181 8901260461487679367
0191 355213041589961 8901260461487679482
0192 355213041593021 8901260461487667461
0193 355213041592817 8901260461487678054
0194 355213041595067 8901260461487833436
0195 355213041592585 8901260461487678146
0196 355213041594052 8901260461487677718
0197 355213041593047 8901260461487667453
0198 355213041594482 8901260461487677726
0199 355213041594680 8901260461487677577
0200 355213041592676 8901260461487678096
0201 355213041586462 8901260461487663536
0202 355213041588526 8901260461487678922
0203 355213041588906 8901260461487679946
0204 355213041588849 8901260461487679938
0205 355213041588856 8901260461487679847
0206 355213041602491 8901260461485341804
0207 355213041588336 8901260461487663791
0208 355213041603523 8901260461485338594
0209 355213041587072 8901260461487682551
0210 355213041588468 8901260461487663643
0211 355213041586595 8901260461487663585
0212 355213041587106 8901260461487682643
0213 355213041588708 8901260461487663528
0214 355213041586173 8901260461487664617
0215 355213041586900 8901260461487663759
0216 355213041597220 8901260461485335228
0218 355213041596800 8901260461485336432
0219 355213041585969 8901260461487664807
0220 355213041588013 8901260461487663809
0221 355213041586835 8901260461487663635
0222 355213041586884 8901260461487662553
0223 355213041603424 8901260461485338552
0224 355213041596578 8901260461485336135
0225 355213041588377 8901260461487678724
0226 355213041601923 8901260461485338487
0227 355213041597311 8901260461485335152
0228 355213041588740 8901260461487678633
0229 355213041586009 8901260461487664781
0230 355213041586082 8901260461487664765
0231 355213041588534 8901260461487663668
0232 355213041588823 8901260461487679839
0233 355213041587148 8901260461487682577
0234 355213041596545 8901260461485336127
0235 355213041587023 8901260461487663726
0236 355213041602426 8901260461485341622
0237 355213041586264 8901260461487662975
0238 355213041588575 8901260461487678914
0239 355213041586546 8901260461487663577
0240 355213041586793 8901260461487663783
0241 355213041599218 8901260461485332712
0242 355213041599127 8901260461485338784
0243 355213041598780 8901260461485335780
0244 355213041592692 8901260461487677940
0245 355213041576174 8901260461487656290
0246 355213041589987 8901260461487680944
0247 355213041594334 8901260461487677775
0248 355213041590910 8901260461487680605
0249 355213041599499 8901260461485338297
0250 355213041603838 8901260461485339030
0251 355213041974387 8901260461483400578
